image: map0.pgm
resolution: 0.062500
origin: [-66.45592876623662,-46.418299157643304,0.000000]
negate: 0
occupied_thresh: 0.45
free_thresh: 0.196